LMD
 
17067856 1
39809470 1
00264340 1
34210354 1
72966039 1
01363122 1
46425373 1
02347717 1
07840245 1
36837116 1
90637394 1
32688103 1
29927638 1
80181349 1
95752429 1
44426497 1
58052527 1
33359500 1
68945096 1
14594055 1
70445151 1
30782865 1
22472113 1
07001539 1
14299631 1
73521707 1
54753844 1
41064393 1
89253222 1
85534390 1
81197582 1
25705572 1
26849809 1
18954743 1
71146258 1
99939989 1
89798135 1
59978643 1
45005654 1
67769807 1
19142385 2
93676000 2
28636104 2
67781132 2
55633164 2
13718078 2
84677918 2
57394264 2
35790232 2
49700612 2
19380424 2
93246660 2
60855410 2
30337570 2
05751910 2
77505062 2
68621137 2
06067357 2
45839652 2
06096428 2
57278249 2
31711419 2
51397384 2
31437954 2
20253679 2
00063231 2
29395151 2
80225332 2
05567893 2
32980472 3
35871737 3
55253482 3
46041911 3
21102552 3
88629875 3
29204901 3
04130811 3
81077595 3
90411693 3
03202811 3
09085191 3
78179733 3
03705786 3
99794792 3
79290056 3
69005871 3
22057876 3
37094036 3
40472603 3
09060086 3
45813458 3
29043475 3
74792999 3
96981406 3
02891124 3
92312355 3
61273150 3
22472253 3
