MP
 
55253482 1
93676000 1
28636104 1
67781132 1
13718078 1
57394264 1
46425373 1
36837116 1
93246660 1
60855410 1
03202811 1
09085191 1
95752429 1
44426497 1
05751910 1
69005871 1
06067357 1
14594055 1
70445151 1
07001539 1
73521707 1
06096428 1
45813458 1
74792999 1
51397384 1
02891124 1
92312355 1
71146258 1
80225332 1
45005654 1
67769807 1
32980472 2
93207680 2
19142385 2
39809470 2
34210354 2
84677918 2
46041911 2
72966039 2
35790232 2
29204901 2
02347717 2
04130811 2
81077595 2
90637394 2
32688103 2
80181349 2
03705786 2
79290056 2
68621137 2
14299631 2
22057876 2
37094036 2
09060086 2
31711419 2
31437954 2
18954743 2
20253679 2
29395151 2
99939989 2
05567893 2
17067856 3
00264340 3
55633164 3
21102552 3
88629875 3
01363122 3
49700612 3
07840245 3
19380424 3
90411693 3
30337570 3
29927638 3
78179733 3
58052527 3
33359500 3
68945096 3
99794792 3
77505062 3
30782865 3
22472113 3
45839652 3
40472603 3
54753844 3
41064393 3
89253222 3
85534390 3
29043475 3
57278249 3
81197582 3
25705572 3
26849809 3
96981406 3
00063231 3
61273150 3
89798135 3
59978643 3
22472253 3
